image_width: 640
image_height: 480
camera_name: head_camera
camera_matrix:
  rows: 3
  cols: 3
  data: [941.7765474703567, 0, 349.7013948872322, 0, 942.4875658477788, 242.4619496113408, 0, 0, 1]
distortion_model: plumb_bob
distortion_coefficients:
  rows: 1
  cols: 5
  data: [-0.3870725799399617, 0.01859326199461662, -0.001699303340531993, -0.0008633055024320187, 0]
rectification_matrix:
  rows: 3
  cols: 3
  data: [1, 0, 0, 0, 1, 0, 0, 0, 1]
projection_matrix:
  rows: 3
  cols: 4
  data: [894.1209716796875, 0, 352.7329503674009, 0, 0, 917.2866821289062, 242.2531576657548, 0, 0, 0, 1, 0]